-4.405316175074334983e-02
1.848834713833237831e-01
-1.274172908717501329e-01
-6.154354597682701322e-02
2.975248463173749136e-02
7.530153336665643127e-02
-9.548746081497599958e-02
1.856571143308035077e-01
-1.557990758022148592e-02
-6.055900754021516924e-02
-1.221729208729299410e-01
-3.600545349474042894e-02
-1.443407890490348566e-01
-2.047093356306792233e-01
-1.128933942678172625e-01
-2.151554876334976774e-02
1.056714966622663288e-01
-2.160664399832606664e-01
-2.086693023720919693e-01
-1.446922736695413214e-01
-1.833577292781780332e-01
-8.459968410770815628e-02
3.460570077889627005e-02
6.232043032380230052e-03
-1.116466396311075193e-01
-2.344302374168993897e-02
-9.712767233190582050e-03
-1.120664773967338934e-01
5.138572401239796528e-02
-1.997644989688925621e-01
1.172999903734880389e-01
-7.393078489597426639e-02
-8.512810955476569907e-02
-1.579065383420883428e-01
-1.299021016909560899e-01
5.353913777038921129e-02
-8.010820625252856875e-02
8.872351162721402174e-02
-1.219807240792378927e-01
-1.441258322835812788e-01
-4.471763158933088345e-02
-3.625422504274587454e-01
-3.884222243269009472e-02
-1.522168760870219184e-01
9.665801426677997354e-02
-4.309439372025899995e-02
-3.630955333794316092e-02
-9.180860798247986176e-02
-1.293648279419128133e-01
-3.631024346853121143e-01
7.756202229551453775e-02
1.648546558158822950e-01
-1.195996660507293030e-01
1.276559927400819916e-01
-3.765969336229765818e-02
-7.376379322586240628e-02
-1.580574458127230464e-01
-1.991025407844771999e-01
-3.777428910746005730e-03
-1.361582046755068498e-01
6.154505988299660557e-02
-1.152364889137564852e-01
-6.799586732762027963e-03
2.641552200109854032e-01
