-2.806986747970514062e-01
1.648005580210197274e-01
1.260720496269174262e-02
-3.932676597723643863e-01
-3.102577104574924527e-02
3.157851523049637343e-02
1.039873710181925259e-01
-1.658427592169692266e-02
-4.115246112439048254e-01
-9.487703622375540102e-02
2.951601352220496466e-01
-3.788968378892805244e-01
-1.058818545595111849e-01
1.448182857033530335e-01
-1.137164768456795372e-01
-2.348647306934067425e-01
-3.586695833404029976e-02
1.848153517339513607e-01
-3.325228080078860282e-01
-1.988814470013705038e-01
-2.171219199048722570e-01
-2.172319281936656576e-01
-4.709497658009772492e-01
2.014670255664857690e-02
-6.633160437645491125e-02
9.884844897518696438e-02
-2.944150662974845400e-02
-1.901352067408411672e-01
-1.544694263705037041e-01
2.349099827389509731e-01
1.590767854374111057e-01
-4.242802782869317668e-01
-3.505587448148725360e-02
6.978682682704365203e-02
-4.589024342596496053e-01
-2.213631968969883290e-01
-1.862695040428007376e-01
-5.755663875984587396e-02
-3.003100208936846371e-01
2.255481907748851933e-02
-2.900338280042231709e-01
1.028273114814510780e-01
-1.443837938578688140e-01
-8.955408763207056699e-02
-1.164570974309203089e-01
2.156447674677514081e-03
-1.813050229555064896e-01
1.473422520396531210e-01
9.486898861553749729e-02
-2.025630560778480249e-01
-1.022173389881859129e-01
-6.821160281747720711e-02
-2.777811907989792828e-01
-1.354185295377322018e-01
-3.307474680854354254e-01
2.825717721267526628e-01
-3.325169572543787977e-01
-3.383982291676980725e-01
-7.473039810164172625e-03
2.324239064878883543e-01
3.902600235958508801e-03
-3.960347327694098696e-01
-7.895096162970019482e-02
-5.912883610749128938e-01
