1.707140142774429131e-02
1.203625855613285611e-01
3.321646235330765612e-02
2.227523627438669496e-01
3.013433630262718488e-02
6.068420571440046041e-02
5.902034815699174625e-02
1.648506500662540453e-01
-3.951268424187919653e-02
6.749776277272315217e-02
-4.527568797263636924e-02
1.108020906256163285e-01
-3.173400745313098570e-02
1.202565838448686059e-02
-2.296414807716648521e-02
1.832718378071306331e-01
-1.086395549639345981e-01
4.455992302169448777e-02
-9.363399346775347354e-02
1.401739032325627077e-01
4.787114648671830092e-02
-4.340131769884496282e-02
-4.746564793255178549e-03
5.121170283449959226e-02
4.704373592718730235e-02
-7.222344185547921458e-02
-6.166005718879888353e-02
1.211991498719557081e-02
7.405917756516638972e-02
-2.616340856025538009e-01
2.767602910822332743e-02
-3.024754283564660279e-02
