-8.968527609448988247e-02
-3.006451177794737528e-03
-3.043640603426230329e-01
3.871894075046636297e-01
2.168866438839013033e-01
2.255892396886343132e-01
-5.467909845464935525e-02
4.506699042824443557e-01
8.625824520512381799e-02
8.962877947311395643e-02
-3.512565370395225317e-01
3.116224763343624082e-01
-2.231640551314492682e-01
3.844974859818529600e-01
-2.217492026454213339e-01
-2.228296885640067004e-01
3.759295022081379778e-01
1.613945242895417631e-02
-8.028114397879547448e-02
-2.639621312415568744e-02
1.292668186849013079e-01
5.955574760080570851e-01
2.903937569165071508e-03
1.717243015691325148e-01
1.426851630243413660e-01
-9.604635561828803181e-02
-2.956579786934238063e-02
3.353130727004557943e-02
-6.003071346929317320e-02
-1.835459963002067652e-01
2.063779489095945996e-03
-4.583381948307188591e-01
