6.203291737763141911e-02
3.453964952723573983e-04
-1.864473877134218416e-01
6.156473134710960943e-02
1.319450484027724288e-02
-9.438234250018315286e-02
1.960273145764130365e-01
2.716058226230376460e-02
3.388121863912511161e-02
1.300792758798560364e-02
-1.221515206359662237e-01
1.762985901874105157e-02
7.618182233916244439e-02
-4.659286852667102186e-03
1.025042386291759033e-01
1.165618678962405119e-01
-3.107618448176411308e-01
4.534374473380217013e-02
9.867593528865536978e-02
2.342631949581001904e-03
2.689502558981235816e-02
-2.028589845869558927e-01
1.283087813085962738e-02
-1.349069247487485329e-02
8.854628231870685651e-03
6.960594693824531665e-02
2.356163743354573736e-03
2.000771386434710974e-01
1.308235666443367251e-01
1.715310689072098715e-01
4.389405203546100503e-02
1.009131952460918108e-01
