1.626088194926371133e-01
1.881715421582982883e-02
-3.343064678614255936e-01
-6.369550636079615580e-02
-2.229214785452883207e-01
3.462625832162596340e-01
-8.274371697552113103e-02
-2.820699426569697188e-01
-2.089805467584511800e-01
-5.884070691941023501e-03
-1.463128556869520980e-01
1.747177504964690375e-01
1.096377681335395371e-01
-1.521353101689172371e-01
-8.379209226697088841e-02
-2.815683210245713552e-01
2.295913812577981550e-01
-3.166249254441969030e-02
-3.995955416258614723e-02
-6.373207347852161142e-02
3.322643008267718856e-01
-2.639159814576077512e-01
5.820399002465914684e-02
6.779741287367708757e-01
3.866980492253230262e-02
1.349508866127788753e-01
-8.391917880082988557e-02
-1.456519736926724373e-02
4.583131723954417258e-02
-2.941744849357239566e-01
2.497872346658105702e-01
7.643877027497197885e-02
