-1.718423447817861438e-01
-1.666489122069600426e-01
-7.383647184459687929e-02
-7.827269371682707422e-02
1.825646263469739572e-01
-9.041029691152707715e-02
-3.373626106801428381e-01
-4.997675008939477248e-01
-5.703611388713092367e-02
1.220046297179638861e-02
-1.639105059809490839e-01
-2.918908054120275541e-02
3.971089639721736564e-02
-2.757723377827684952e-01
-1.299487785035439158e-01
-1.480598240682020617e-01
-5.018530682962080158e-02
-2.585563458088526168e-01
-1.220386246061470059e-01
-1.990718710445888162e-01
-4.520068492418082284e-01
-8.972059509303589864e-02
-3.717621068871001522e-01
8.054471358645975965e-02
-6.370317730552208513e-01
-3.640753481418489423e-01
-2.168945330428297402e-01
-3.158624514556791496e-01
-4.800115600214575062e-01
-2.438710502112932665e-01
-1.924235606252020503e-01
-1.132600641791503548e-02
-3.478305451404082871e-01
-3.982498173472622804e-01
-2.269150044739803307e-01
-3.559281871457650182e-01
-2.093845910877480399e-01
5.182241016565614089e-02
-5.601609645916638680e-01
-2.310979735682563707e-01
-2.493617385449542478e-01
-4.947078312376743670e-01
-3.750560916408744450e-01
-4.083867392425467036e-01
-3.107181318931477310e-01
-2.960849962432944293e-01
-4.103050287120196815e-02
3.694450848247576857e-02
-3.843132050495013385e-01
-4.933302294160153978e-01
-8.321376780120412486e-02
-4.047305283005041554e-01
-8.869995447402068134e-02
-1.143159534722301696e-01
-3.213070483364784957e-01
-4.416847576091628147e-01
-5.286995573651800395e-01
-2.060762701927721929e-01
1.401024421441977030e-01
-5.962222953281898219e-02
1.950558246378458760e-02
-2.768138769386054854e-01
-2.599371709292668808e-01
-4.247516677613457081e-01
