4.862700625113879349e-01
-1.257908009358356949e-01
-1.366697409518362882e-01
-3.325979272860446478e-02
-7.223590810719957012e-02
3.819852043093949212e-01
-1.257715522881039938e-01
-4.191259155634935452e-02
-5.816506649808542151e-02
-6.512804665213267619e-02
-1.825392680680865409e-01
1.457311804151937007e-01
3.827233745346521054e-01
6.838839752798735461e-01
-3.238770221785127190e-01
-8.920355125453216516e-02
-2.770498626279017662e-01
2.403530898933471383e-01
8.027899641537387110e-01
-1.422384119877334596e-01
1.399314963088360009e-01
5.547945925547710377e-01
-3.396614681791796375e-01
-5.810262891382369510e-01
6.047403686494776109e-02
-3.950162001118123767e-01
4.331754137413887373e-01
-1.887421971883745941e-02
-7.027230528141825694e-02
1.834200615525029554e-01
1.187444848371796702e-01
-2.936913130905222102e-02
