2.149519409861663788e-02
2.760828601284806560e-02
4.749736067224202829e-03
-4.892143875483018212e-02
-3.296320423022405799e-02
-2.996536650143349217e-02
-5.245847341832435284e-03
7.768744730571550128e-02
1.392719546004703990e-01
6.947583741940007926e-03
-1.703859240121985696e-01
6.836190733027071309e-02
-1.388053025593812863e-02
-7.104493004040746823e-03
1.560829671059327933e-02
1.059631683513535400e-01
5.371781741493495549e-02
6.544731513968353454e-02
1.297072202697767407e-01
2.356667168496888176e-01
3.550105285118774351e-02
-6.713581864405113175e-03
-4.738664433911850271e-02
-1.929010938063965841e-02
-2.889615537816622379e-02
-2.160416174013584864e-02
6.733267828567350566e-02
2.993236014910248891e-02
-4.076846545649413095e-02
4.554889961116075081e-02
6.618884207179348556e-02
2.335400089708189811e-02
