2.452426088646418312e-01
-2.239698801326707733e-01
-4.035211470731800976e-01
2.577703566466468255e-01
2.550045912109136226e-02
-2.669128625056740312e-01
3.794104031490401763e-01
-1.473799361573317201e-01
-5.701269131420602099e-01
-3.596894909625501513e-01
-2.359402226535859126e-01
-2.539866526596679108e-01
-1.898480362740001537e-02
6.615352987213045655e-01
-2.478907669278570813e-01
1.288139437707264412e-01
-4.605956082007031660e-01
-3.159582326743476388e-01
-4.825394350774669938e-03
-4.785359507950950331e-01
-9.508478435666506412e-02
5.226875031061417598e-01
-1.781730164753735357e-01
1.388171114471157264e-01
-6.819119915585174219e-02
3.414708331593506174e-01
-3.646775662103541871e-01
1.903296185912515259e-01
2.329676995654620941e-01
-1.677896770357073519e-01
-6.833050810804189301e-02
5.132220035115375723e-01
