2.745291573592327505e-02
2.940773228004995438e-02
-2.397236387451684436e-02
1.531627143189112084e-01
3.757750408666156450e-02
-1.067529767748016944e-01
5.605540048662755598e-02
1.889740141071732660e-01
-8.619791273095686601e-03
2.468370297155020321e-03
-7.756616315815344220e-02
5.856215074478451910e-02
-3.957941441134485427e-02
3.663655377401550672e-02
8.663697501959941039e-02
1.250318088006180384e-01
-6.422171778386724650e-02
5.840979676877916527e-02
-2.184156779529067630e-02
1.756373934654779645e-01
1.223854103650986319e-02
-1.037002758649917533e-01
7.181821918697897655e-02
4.339268199723259056e-03
2.719002478639923753e-02
-1.313177333856068996e-01
-1.015147878087390571e-01
-6.173794792589767065e-03
7.378014858823243871e-02
-2.120124882382322107e-01
-4.059046939846101126e-02
7.765742210294607206e-02
