2.686788978505258441e-01
-1.339359155477884977e-01
1.220935779576580171e-01
-6.088940016684308842e-01
5.077446109941045060e-01
-1.104456362039948625e-01
-2.559640368401977506e-01
4.153818055443803114e-02
-5.023133789593191567e-01
6.042547118747468859e-01
-1.608209999235128695e-01
6.194106279933908610e-02
4.230694502431575632e-03
2.957695385469211180e-02
4.362769178539355197e-02
-3.321865414190276478e-01
5.151197206941191542e-01
7.317269321516273184e-03
3.158141133356996422e-01
1.534154849579526247e-01
1.071174603664497571e-01
-7.122001139019862315e-02
7.355635751755090768e-02
-7.696170364291524124e-02
-5.132213153649241022e-01
-5.624460641134829686e-01
-2.618360677065621478e-01
1.530201099384497776e-01
-4.205916905377661275e-01
-1.398660533036641118e-01
-2.920608725046875964e-01
-1.990251733075457385e-01
