-2.850236489441352883e-01
3.524882521176658789e-01
-2.067645980934576522e-02
-2.860997762404144384e-01
-1.699769551308615290e-01
-1.564450650346768668e-02
-2.508518596993149496e-01
-4.285419061472395263e-03
-3.510869120778470354e-01
-2.402789080861673920e-01
1.475532744454093603e-01
1.393001530795556775e-01
-7.374226212712853279e-02
-6.766095436760599657e-03
1.430731543929451566e-01
-9.134724772423441497e-03
-3.438875777349412188e-01
4.574034004447982138e-01
-5.156528569028154818e-01
-1.223501399683474822e-01
-2.612364304326756370e-01
-1.319427421809431511e-01
3.588030854939504577e-01
-3.229576529535993501e-01
2.076627767205305175e-02
1.262780598896828532e-01
-1.449191221725980305e-01
-1.841436435051098386e-01
-9.592697663105520522e-02
1.684893557738103564e-01
-3.128808300876457227e-01
-2.380664418524892079e-01
