-1.522434494598675914e-01
-8.980506606363490574e-02
-5.487704924160871633e-02
-1.508438212576348469e-01
3.303269121048886536e-02
6.571345637044834209e-02
-7.210441535730194307e-03
-1.482462598634240458e-01
-3.078465043614151964e-01
-7.017470049787895292e-02
-3.512697025987597810e-01
-3.289723581284172138e-02
1.300427795527591135e-01
-7.646296157228184287e-02
-2.826032689940257137e-01
-1.298564506014784625e-01
-5.897181981157259556e-02
6.331769691527688870e-02
-2.339734252474174048e-01
-7.172947107694711832e-02
9.438393061297881137e-02
-1.429315129665746642e-01
-2.296847373181787888e-01
-1.190654756322731267e-01
-5.501214729064760056e-02
8.563159273710291286e-03
1.062477943359804028e-01
2.191741889193762893e-02
-1.649634661958751247e-01
-3.363608546261451226e-02
3.331512257587393444e-02
-2.758565527181189303e-01
1.575245380853529664e-01
8.853667894911099179e-04
-4.744698925056214933e-02
2.918339458508462103e-02
-1.192238251554612188e-01
3.160333994434733063e-02
-3.068715681532296902e-01
-1.033502490461823964e-01
-1.739079495088855509e-01
-3.785772088965816407e-01
-5.057308273643376650e-02
-1.296828640625839746e-01
-5.667989469815659653e-02
-1.033905099653544130e-01
1.330031173425322288e-02
5.594102242364645816e-03
-1.823150685703066876e-01
-9.560782601967059147e-02
1.593420713439470948e-01
-1.074222614006939136e-01
-1.740955669739209788e-01
1.214024379049495339e-01
-8.637936951967938037e-02
-6.678075069756868321e-02
-2.996123973162205245e-01
-2.940258828493793608e-01
-1.933077860320849273e-01
2.748483007758802110e-02
4.018785949017050774e-02
-1.703391830197391599e-01
-1.679422126215016076e-02
9.247883591034700146e-02
