-2.417290225081824007e-01
1.018955734682461256e-01
1.812694360832413643e-01
-3.546229594530133089e-01
2.558345276766021414e-01
3.106401173067373511e-01
-2.260877054502799521e-02
-1.570680244547226490e-01
1.888730605691734676e-01
-1.284135460085209790e-01
7.476286756291336544e-02
9.329965251857796904e-02
-2.727632830214560267e-01
-9.559920425012725931e-02
1.205724286412009350e-01
3.317603173371318492e-01
-4.736770945698305368e-01
1.386041378792919887e-01
3.984672393099139009e-01
1.042418974636438178e-01
-1.378084232765292017e-01
-4.236357916584099215e-02
1.095856957282206889e-01
2.441799821736192477e-01
-9.438095673052511458e-02
6.866122675130506559e-02
-8.056251749815518393e-02
-7.243770941232907656e-04
1.199621069416580976e-01
-1.208974237077636293e-01
-1.463828437010626926e-01
1.775672318059460242e-01
