8.103747992795633237e-02
6.429216434377129502e-03
-6.224172257921449514e-02
7.189736003624729033e-02
-1.074195325601249307e-01
2.158738450099034756e-02
4.099642698272158714e-02
3.201143065816462741e-02
-5.981203587753637640e-02
-2.361908774067266251e-02
3.044711387216682622e-02
7.372882139581996008e-02
1.692410704572833990e-01
3.496052588658695587e-02
7.114954243432541903e-02
3.507750913523383779e-02
-8.194667706373146704e-03
6.368920478875672586e-02
5.283136310243528033e-01
1.572419368933042350e-03
2.151169732677237628e-02
-1.211578059850279693e-01
1.388346570940126035e-01
2.074847101798129104e-02
1.346216374372359061e-02
-1.140949675206128222e-01
-6.085729823098372238e-03
-1.883533176048111379e-01
7.815970378221731574e-02
-1.131084737727420519e-01
-1.463039493500725881e-02
1.143598080061308808e-02
