6.108432825181243642e-01
9.284674346276680090e-01
-5.089990739583800661e-01
-2.714622798322925412e-01
-4.024337385475800222e-01
-3.500784667221758517e-01
-2.933618339473911818e-01
-5.228557722180088296e-01
-4.102589673172228890e-01
-2.706227121872605834e-01
-2.013616613013284595e-01
-1.655913983092930641e-01
-2.843535247171325442e-01
-3.116323664998824766e-02
-5.458198352034391299e-01
-8.841808323708361117e-02
-3.082469762615319686e-01
9.972458062388354083e-01
-5.392818554899575512e-02
4.925710934820290432e-02
-5.843284069144319970e-01
-3.395381544353652248e-01
-3.159254473827830534e-01
6.702719020823191265e-01
-3.141060639410381272e-01
-8.192821388105724079e-02
-4.932040284726771917e-01
-4.581608891157101793e-02
-2.443367255320120501e-01
-1.275560156638174125e-01
-2.319159913714238797e-01
-5.513343344930270451e-01
-3.208116923384657371e-01
-3.397943252933061098e-01
-3.121789253282674093e-01
-4.997085455265417586e-01
-5.721745351286645631e-01
-7.358099203305110692e-01
-5.271087793138745647e-01
-8.056708792325104063e-02
-5.811910007870300099e-01
-7.835841859801920828e-01
-4.178931223248721905e-01
-4.924549353533448914e-01
-2.364270277079165150e-01
3.372168032378161096e-01
2.174137733743065626e-01
-8.482282427955396553e-01
-3.737559065318545870e-01
-1.575466246054665065e-01
-2.194449966540372166e-01
-6.084958414825122897e-02
-3.675475042066356224e-01
2.432837866706988317e-02
-2.847925289620463762e-01
-2.996142498050681224e-01
-3.625010180759092870e-01
-3.078634686241699669e-01
-3.610529673415742713e-01
-4.667622803790108521e-01
6.064470655899545370e-01
1.375024254594425788e-01
4.125447097292689325e-01
-4.778906154012907415e-02
