-2.492720744438784997e-01
1.362371086053132951e-01
3.206543597707739446e-02
-2.276087639205744972e-01
-4.618916117697271506e-01
-1.950551634647441634e-01
5.232443766509754790e-02
-1.188381636637380473e-01
2.246564364094527644e-01
3.455458069032875112e-01
-7.541457841513735105e-02
2.554604362631789916e-01
7.308410041380505873e-02
2.748101596103069699e-02
5.673528203094985178e-02
5.192742448002419797e-01
3.609230129045248869e-01
6.182532955638808669e-03
-1.929830632017028036e-01
-2.027241318448785856e-02
3.594566063153761259e-01
-2.142801554346649429e-01
3.428423820620059015e-01
1.765441575197757018e-03
-1.920653151572694894e-01
4.426338671952356751e-02
-1.927176702444319267e-01
-7.484347013213105138e-02
-3.281824028132573901e-01
-8.117534384724553465e-02
-2.525084831881186931e-01
4.656127117585738273e-01
