-1.518984893313939100e-01
5.024926427694664799e-01
1.571924433218761241e-01
-2.825906756118574670e-01
1.648743700664118128e-01
1.523913673246940770e-01
1.377486110929803387e-01
-8.806367383108736069e-02
1.374053410310437651e-01
3.012981406459910860e-02
-1.739305871008474114e-01
-4.019851178494497912e-01
1.692375989198253716e-01
8.308773060939061983e-02
-2.344520749184206276e-01
-3.388214039394489285e-01
-4.128496985233023886e-02
-1.546914484941664392e-01
-6.063334042539569868e-02
-4.502491238313997002e-01
-2.772400878698702553e-02
2.742846969433135884e-01
-3.295720262444807869e-01
3.574444750143435101e-02
-3.917186673059449009e-01
-1.092989492989184103e-01
-8.616254226032743491e-02
1.593847152312001803e-01
1.491396282633222770e-02
2.117596063543181195e-02
-9.815824308797321818e-02
5.207017333129915215e-02
