1.810078863779364944e-01
2.504558073889597836e-01
-1.716567453521027631e-01
3.469559491899257275e-02
3.141863663239877202e-01
-1.056998994308283729e-01
1.017294229305215764e-01
4.849098556974419660e-02
4.230165672744898298e-02
2.005419187073281539e-01
8.688711938048800099e-02
2.719180841908809820e-01
2.483112874695392880e-01
1.405401232530321398e-01
1.040802088583989010e-01
3.887550916694038627e-01
-1.583725680381709022e-02
2.280931077899548687e-01
-4.691089218567766062e-01
-1.278364170128565847e-01
1.745356253308053274e-01
2.930064784280203560e-01
2.751391639001473655e-01
-3.280603884352380206e-02
1.167927163465259238e-01
3.696549769690500586e-02
7.464223297811248270e-02
-1.704478433026979933e-01
1.638161089788282843e-01
-2.532592319834551797e-01
2.530545490379240703e-01
5.239734919917405920e-01
