5.374711075009945549e-02
6.477718503487794877e-02
-7.930688067038392519e-02
2.898791198964793814e-02
-5.450214851383847203e-02
-3.410264026191044129e-02
7.061143946277302630e-02
2.755248388133055282e-02
-2.332951742692168096e-01
-4.685998178981605478e-02
-6.942359359747334036e-02
1.127514486486557166e-01
1.351852325507748864e-01
1.036131104738785141e-01
-2.474403837251869936e-02
-1.080335304024071519e-03
3.388382391441895070e-02
1.788879789892734717e-02
1.395965490626631944e-01
1.899487271778546316e-01
5.101541179111628022e-02
-1.478187415483758205e-01
1.147703859221634592e-01
-1.194983783288056794e-02
-3.550520674713327635e-02
-2.799439224226991096e-01
-1.037562695881419778e-01
-1.592381360688092107e-01
4.939193228602044988e-02
4.424769830704546741e-02
7.550547603498103388e-02
3.681078527941875761e-02
