-6.256920828534776602e-01
-2.356948333446774735e-01
-3.265433770957776316e-01
-3.409929198355921010e-01
2.648763013112678810e-01
-3.782264778153160423e-02
2.357672989798653140e-01
3.350362750475011087e-02
-7.132050018893620891e-01
1.218991256532822587e-01
1.170379099468297768e-01
4.933684398305172025e-01
-1.008246418436612724e-01
2.080416106542226085e-01
-6.168328344951512499e-04
4.433586928780416381e-01
-3.338600394491108569e-01
2.543906737623692349e-01
6.627911922740158390e-01
-1.202484042926763030e-02
-5.625092145391363818e-01
-6.593351435371237745e-02
1.059940105423385348e-01
1.530618786134781140e-01
-4.864876925672084740e-02
-2.894855225519227249e-01
3.585637956965403994e-01
-1.267440290832051453e-01
-3.325394810322973016e-01
-5.357230100069136913e-01
1.511363060837951355e-01
-1.112184291441142836e-02
