-2.604888526534751003e-01
-1.890967416127531942e-01
-2.521545760565064298e-01
-6.617569582124549488e-02
1.059959126734912604e-01
-4.806723277990763155e-01
-2.023012257168722849e-01
1.272334643559497325e-01
2.467079382018355638e-01
2.943264721560160391e-01
1.641193823767936877e-01
2.203502492354855458e-01
2.030641783287248092e-01
-1.035814022992500166e-01
1.016264072518527489e-01
3.184974447942785503e-01
1.622393310051312987e-01
1.041801955752062470e-01
-3.180040910359288597e-01
-5.469447955435421949e-02
-1.921787382568039548e-01
-3.705042317036377209e-01
-1.058065284412459534e-01
-3.284132038388570818e-01
9.008573740554026710e-03
6.708227947858430573e-02
1.242240261247395672e-01
2.006225578144704424e-01
3.033631043786003123e-02
1.043380983869183487e-01
1.614243599982545518e-01
1.147407989689346874e-01
