-9.041054470578346880e-03
-1.965966657190493794e-01
7.819692175874062845e-02
-3.320654189096416409e-01
6.152881519116934483e-02
1.224587607532016953e-01
3.279808918061490886e-01
-2.181908120191633216e-01
-1.018754070384231269e-01
-1.043082904254738486e-02
1.566146556497551301e-01
-4.445535840694754548e-02
8.325956982091464731e-02
-1.888338088128942716e-01
2.312694266535932908e-01
-3.218142210793378810e-02
-3.077858461125376754e-01
-3.605510594235053490e-02
-2.211589571270684562e-01
1.162104717545903165e-02
-1.420252076298023081e-02
1.670597922694832538e-01
2.376097674250686742e-01
-1.018793727836195817e-01
1.380880195875283656e-02
6.681633290541766357e-02
-1.358769240682314583e-01
-2.035495220265433614e-01
-1.580042659771731250e-01
1.360737404183188781e-01
2.998358883465118696e-01
3.073321307235385436e-01
