5.811629460410985826e-02
4.879648737718996626e-02
-1.305281395591280647e-01
-3.061723352658751729e-03
2.883631561364041751e-02
5.602702666249589902e-02
1.730889269003869080e-01
5.126440000862296786e-01
-1.598247914778390677e-01
2.598131700196375238e-02
7.204758515837991761e-02
1.031776285207686300e-01
-1.546220845319083367e-02
1.427400893786531233e-01
2.782638816769927512e-02
7.457362745928669545e-02
1.119006104882903918e-02
2.376515181569052032e-02
-1.759468864440695557e-01
2.047119348157617758e-01
3.776596073163868833e-02
-1.695811159969322357e-02
6.116761938343102945e-02
1.231521496496031966e-02
1.768078169702051033e-02
-2.366096699686403293e-01
8.511056926540325196e-02
-1.649947323406992239e-01
-4.405813032547640368e-02
1.056604156007764916e-01
-3.769611177466419827e-02
1.266983851748992029e-01
