-4.067773640868955765e-01
-2.580511503015550101e-01
-1.470993515853248335e-01
-4.420071995546610011e-01
-3.502713811334431937e-01
-2.438470429247910354e-01
2.042026668407314616e-01
2.165160695415909164e-01
4.134873095620972272e-01
2.017422960817362165e-01
1.112396610182988521e-01
-3.067282871167972824e-01
4.848845880617641546e-02
4.998232011358211269e-02
3.190153357207564100e-01
-3.310736825714440390e-01
-3.194507677323451533e-01
-2.839549223907507081e-01
1.815967871318943105e-01
5.232967426886911411e-02
-2.413477996008339677e-02
-2.208012186155233758e-02
9.681927773701740070e-02
1.801981611074232048e-01
-2.357586372338232872e-01
2.616366436759273717e-01
-9.389247208502551900e-02
-2.483014998348105351e-01
1.761169483394392776e-01
1.817859559497581046e-02
8.112383817741575243e-02
-9.625623641606323444e-03
