-4.390815198777930917e-03
-4.429708355678996234e-02
-1.128229006697131775e-01
-9.620073563026321217e-02
-2.077021257634212859e-01
7.035335333064013374e-02
2.200236552806075774e-02
-1.944486383628284132e-01
-1.711826741316954115e-01
6.956993691051682749e-02
-6.111789907415685064e-02
-3.678166100497160529e-01
1.423304316225489918e-01
2.560957687767302926e-01
1.035399770128555275e-01
-5.381277012551793915e-02
5.105745893491780985e-02
-2.985050931426824761e-02
9.740531545426023285e-02
-2.361201434939698418e-01
-3.023355970603663900e-01
-2.798164152522106263e-01
-1.684771066357163560e-01
-2.328864274486587838e-01
-2.050705608657477086e-02
-1.208122744432031659e-01
-2.454831903829051143e-01
-3.737653668572715193e-01
-1.674565164005770157e-02
-3.159469299245235563e-01
9.801797142469043100e-02
-6.060322993640204770e-02
-7.910500275155496475e-03
-2.105999330401264746e-02
-2.434381999279036646e-02
7.716308943124589037e-02
-1.496338605125382970e-01
-5.572260046159083213e-02
-1.865556806072078688e-01
1.151979991952651883e-01
-2.020248562076781829e-02
1.322637580855354489e-01
-4.231300644131767985e-01
1.271809782823768442e-02
-2.950636520184479750e-01
-2.776256380280265335e-01
1.215860975391301335e-01
-1.556941677817626768e-01
-8.260569096063997974e-02
-3.808638799839900724e-01
-9.853927205442605808e-02
-1.914602900245921668e-01
5.197582250379845226e-02
4.469169853712645635e-02
-2.044656345596122526e-01
1.021041756901704955e-01
-1.361806824794475901e-01
-8.291094089058995142e-02
-2.319533529390801763e-01
-2.963634350851843680e-01
-8.327514818229619920e-02
1.051752583033334909e-01
-7.871273035462844625e-02
3.690935810854251153e-02
