1.237837201386153135e-01
8.078532400591580120e-03
1.028930577659510487e-01
2.914410393721524328e-01
1.112413529076201890e-02
-5.406976615074608750e-02
-1.689290828810236511e-01
-1.139583990671786951e-01
-8.800840569316320527e-02
-4.896797432842885794e-02
1.790430861955544239e-04
6.525730936229580392e-02
5.639087706154743279e-02
1.433703751416425254e-01
3.706757860055547721e-02
2.174248755832175473e-02
-1.595294343384595082e-01
2.978513988650027117e-02
-1.803961052308493684e-01
-3.073466838469379181e-01
1.462541247911809672e-01
1.790835615011354409e-01
7.153935330062598241e-02
2.898234853269067088e-02
8.601431534310395588e-02
3.839672628662493814e-02
-4.934947493690358677e-02
3.498690384181392388e-02
6.464354628563918903e-02
-2.572389153890107805e-01
1.536776120091722098e-01
3.489003833167179103e-01
