8.106784649528564479e-02
2.326254763964348271e-01
5.201473740009306124e-02
2.292945414581830654e-01
3.043737476005918541e-02
-9.280397891033317567e-03
-2.009738862751113686e-01
2.546060223263081346e-01
4.042335591187314059e-02
2.632643510222289207e-02
1.225462935110223639e-01
1.510323534012097402e-01
-2.906131125377789393e-02
-1.115862855156299349e-02
-1.797024435938737730e-03
2.300461664412339902e-01
-3.772886011499047149e-02
-4.877610103700368710e-02
-2.614875640488229999e-02
2.094227970477996192e-01
6.045245465196943252e-02
1.074678899703909590e-01
-1.854058551544935859e-02
-4.891070840389209751e-02
3.365325108102851237e-02
9.485711827417249442e-02
2.204118062629806252e-02
-1.538069698275509600e-01
1.085849418449071346e-01
-5.503719670473519038e-02
1.020132586442314693e-01
1.311382788012801781e-01
