-1.681973298740865319e-01
-1.752816159670273488e-01
-6.227036213202526982e-01
1.344398852291669444e-01
7.754003069210824162e-02
3.905769232625536103e-02
1.370184551581557497e-01
-1.156471368982825432e-02
2.712942293120472748e-01
3.433673216407239770e-01
-3.910506596070750240e-01
1.677832887631803271e-01
-9.967009808684659800e-02
2.009794701366660052e-01
-1.857286755683711932e-01
-1.595767326784171547e-01
3.195657055301227012e-01
6.229239062395106052e-02
-8.510024780463337768e-02
-7.494971485954904367e-03
4.371824705058513505e-01
8.353729411273475014e-02
1.190185456256387386e-01
-2.233124917776451723e-01
1.102523120103457432e-01
-1.388796154215526935e-02
-2.630042955125399540e-01
4.818345903694887244e-02
1.345590806029075270e-01
4.313675897629510869e-01
-1.618919138181629525e-01
1.745677884374117750e-01
