-1.336397419605523662e-01
-4.922026963675711908e-01
6.005434149050575821e-02
-1.039517282077270788e-02
2.155463238056620767e-02
-7.590606626139433377e-01
1.695061411546148478e-01
-3.871840722186742911e-01
-3.911552317221422825e-02
-4.600448219832611874e-02
-1.261261145306313836e-01
-2.366917764287522485e-01
1.644197970183459701e-01
-2.073511470716002392e-02
-4.338900020413657965e-02
-1.407935989202379057e-01
-1.553684247691858311e-01
-2.422344146025018352e-02
2.763915581871618232e-01
4.342489372289950467e-01
4.782469713633386021e-02
-1.428664007632676758e-01
1.611066654497424200e-01
1.589752971962843375e-03
-7.359383265058555557e-02
-1.923003055840236675e-01
-3.094222537784361293e-01
-1.474963914042403401e-01
-9.516330629870531355e-02
6.579278486648887370e-02
4.191150576608665412e-02
-2.076925592814785615e-01
-1.671231124389002676e-02
-9.766910157983976770e-03
-1.200838482274222685e-01
3.878075811603226564e-02
1.324492219868723952e-01
-2.696865374871224019e-02
-1.380822764350619902e-01
-6.944173375948889393e-02
-3.415981923585578728e-01
-7.914723452355729161e-02
-1.532943078045320706e-01
6.596408838740772107e-02
-2.481022797234614941e-01
-2.970523295134439024e-02
1.200929339024367493e-01
-1.358847150783222824e-01
-2.822616087142988395e-01
-1.584509528630571595e-01
-7.393163548212222658e-02
1.217096721171394558e-01
-1.397021556641502849e-01
-1.045421879525661180e-01
2.677919220236885112e-03
-3.055687197888845574e-03
2.046320266979576030e-01
-5.508697095356678286e-01
1.891194974556956732e-01
-8.763254804571883605e-02
-1.938673481693939382e-02
-1.788796424425872222e-01
-3.784143118783532822e-01
3.199041688252154958e-02
