3.382670702281742603e-02
2.974461414745257007e-02
-3.130051042791529708e-02
4.967130414186236159e-02
4.244630501312064014e-02
-3.420870747517565369e-02
3.206505850695645643e-01
2.608580220873805144e-01
-9.569918681798625371e-02
6.666757679327517394e-02
-7.628620776898161274e-03
9.416216686283443438e-02
-8.067769443411060282e-02
1.011896599507848271e-01
6.311543689674692370e-02
1.032828173143243849e-01
-1.744667730549239737e-01
7.994018074042699706e-02
8.833628821127391395e-03
8.933459816182995339e-02
3.614180672208820722e-02
-8.557829553832989322e-02
1.211191437864608117e-01
1.918937494008578909e-02
2.488210433378804792e-02
-8.247830832188432493e-02
-4.343048167278500127e-02
-8.649435036700364732e-02
4.124816868756826793e-02
-3.834653216036029710e-03
-6.251047393035305544e-02
2.679250922479584074e-01
