-5.344232621203984929e-02
6.977694143885435074e-02
-6.885399066863921724e-02
1.912375141513114607e-01
3.292900015033267680e-02
-5.978991925047727474e-02
-2.931785711158112206e-02
3.195740738237968365e-02
-1.182662914319445591e-01
1.070191787277775253e-01
-5.431967008689642801e-02
3.078033717189943008e-02
6.248703941093551595e-02
4.970485656157427184e-03
6.398802505220591019e-02
1.902128332262836563e-01
-5.456733041448010024e-02
3.752649502396847303e-02
1.563134323235962353e-01
1.413249377905007043e-02
-1.830527960176236632e-02
-1.350921997446414002e-01
4.470076988785540162e-02
1.152704949178425670e-02
-1.090901396960003086e-02
-1.450335173281485091e-01
3.729067517857272140e-02
-6.567185771038258624e-02
-3.225739139481792472e-03
-1.278159015095718942e-01
6.386725272365434414e-02
7.072103990593671917e-03
