-2.422113700414647020e-01
-1.448280883919256246e-01
-8.177188837755865469e-01
8.534253958720261490e-03
-1.225051539488842822e-01
-9.786439907070620947e-02
3.334462600967509904e-01
-4.998488143062743694e-01
8.662013717903299659e-02
-4.378156304657175313e-01
-3.238152852007354920e-01
-3.268680818358209450e-01
-5.811857983526631521e-01
-4.116068653053426285e-01
-7.628196634800565867e-02
-6.843247725001574411e-01
-2.688119806306232817e-01
-4.546079665369742173e-01
4.728800224091341264e-01
2.127086314652485988e-01
-1.031896553929742555e-01
-3.379582847971649984e-01
-5.987877971099277996e-01
-1.029353499568568531e-01
-2.537454810974006381e-01
-5.645626057087513860e-01
-1.185308046588079145e-01
4.005086513998448172e-01
-1.781671511879095726e-01
-2.589602598361168129e-01
-2.693354095582987107e-01
-8.482372636184287717e-02
3.082265233733309517e-01
2.760489055305332950e-01
-1.313700869645935132e-01
-1.823472730591000346e-01
2.159988414611533347e-01
-1.618375387801357923e-01
1.989176816793494784e-01
-3.044930925911107367e-01
1.102759581082576323e-01
-1.015890737192951754e+00
-2.694719226733463535e-01
-2.119870353858430700e-01
2.338752290742668327e-01
-1.017369870412409227e+00
3.902185989856078452e-01
1.096263965474536528e-01
9.343881645831580984e-02
-1.117708641443451445e-01
-2.494927386359110932e-01
-1.225063152089466145e-01
-2.956263758115040829e-01
-2.732787202640375446e-01
-2.194878400208361280e-01
-1.013718375600047850e-01
-2.385668769584405324e-01
-6.855019906292117993e-01
2.300661091466230102e-01
5.769959552274678272e-02
-3.457272300589958602e-01
-4.840834335515838971e-01
-5.342237196563299761e-01
-1.785575287178156612e-01
