-1.022769031664372275e+00
-1.050347086573833133e+00
1.070543768147704577e+00
2.159567696466502262e-01
1.862404494777869512e-01
8.866894907566718054e-01
1.011714965463057281e+00
2.028255381437989446e-01
1.187343861003424594e+00
-2.437636422178593998e-01
-7.209647109640093809e-01
2.635823327459284049e-01
1.626183109512798319e+00
-4.312460215811856901e-01
1.042262091212790009e+00
3.869814358429111145e-01
7.269622990984447863e-01
-2.207346315788604185e-01
-5.384522270878271122e-02
-5.625422791027965275e-01
-1.040619568048643862e+00
1.081302579669050079e+00
1.151974332313530525e+00
-2.329315774377525017e-01
1.884365110464022663e+00
1.847759965258978898e+00
2.068558131544532830e-01
-3.519118579713398365e-01
-6.544236478789475786e-01
-6.777592235401357079e-02
1.834579299059131197e+00
-8.158210587297695660e-02
