-4.077543928819747920e-01
5.720167047828617068e-02
-4.919249754697955224e-01
8.183170406864920254e-02
-9.551368652345829102e-02
-3.275417128785825804e-01
-3.963605794236397806e-01
-1.785190533411190605e-02
1.730056728717365433e-01
3.911648554123278165e-01
9.486239847678740178e-03
5.738773689585591198e-02
1.449499585706168214e-01
1.719090496861114259e-01
-2.831376058967935982e-01
-7.851799541193802412e-01
-1.605534108525131232e-01
-4.314249739474415590e-02
2.079750632529615562e-01
-2.108074847660449946e-01
1.618735045382784510e-01
-3.689228573958259760e-01
-5.870383180208044172e-01
3.314302086352589050e-01
3.028717269539464851e-01
-2.969071512409364177e-01
2.909071961880785318e-02
-2.431117814644589425e-01
-1.744508121770120268e-01
-2.703845267921300977e-01
1.465286469500043931e-01
-5.709673744151471109e-01
