3.833567241714548601e-02
-6.685428878933452612e-02
-1.335228717605507764e-01
2.181888451258156003e-01
1.363901768677419635e-01
-4.701262600325595287e-02
1.763706250633961248e-01
8.826029829051751374e-02
-1.204260715059598114e-01
-8.068734670772712003e-02
-1.346096515302344920e-01
1.212155900984435708e-01
5.671869949333663286e-02
1.382562862343429400e-01
-3.341596472394195438e-02
2.001600660823404376e-01
-6.074557670006336396e-02
5.424133097407475568e-02
-4.549129563108804397e-02
-3.175732909187437003e-02
1.057748368043834042e-01
-1.772211070554665924e-01
1.057798177316719157e-01
5.258262943908902087e-02
3.081361885482145069e-02
-5.618736553544602386e-02
-1.807865082907765542e-02
-8.110166997456452753e-02
1.505687140646968791e-01
-1.755714750799819979e-01
6.789308433588010783e-02
2.579927874540148824e-01
