-2.625500020444590521e-01
-4.797746763496020250e-01
2.921550580129358976e-01
2.686027290372549059e-01
1.604086997812289583e-01
-6.569463718528500973e-02
1.195225207131225265e-01
-2.731276411949297711e-01
-3.703411272979643953e-02
-2.493752275588373146e-01
-2.600276605366301785e-01
-7.262383232289266743e-01
-4.759217142244528409e-01
-2.852034721445633192e-01
8.669377968320068906e-02
4.835650447723766066e-02
-3.077816952378364390e-01
6.508426908305535719e-01
-1.569558613601015618e-01
2.857374570810714554e-01
-2.877558718317724251e-02
-1.779149350173114819e-01
-5.768739557318666722e-02
2.509396795469987507e-01
5.347105135453282809e-01
-4.360213332244297635e-02
2.783207005249691557e-01
2.496136310655533430e-01
-1.275129520140492467e-01
-1.142401446317365676e-01
7.587318967200578079e-01
-6.806133283053097394e-01
