1.330094252768917462e+00
7.447198642133758817e-01
1.386604134628395824e-01
1.247681375013776073e-01
4.562363780897776833e-01
7.357855336054073270e-01
8.845981629036854255e-01
-1.604214408808846692e-01
5.276496534879261679e-02
3.583944635172143234e-01
-3.238181286453847285e-01
4.749281355652594239e-01
2.449856214594874071e-01
1.117021206775613784e+00
8.200815366087507163e-01
3.021589019273593357e-01
1.815538609620626076e-01
7.308693295123753764e-01
1.874483263781420717e-02
-2.935409190571698912e-01
1.104896621317110750e+00
1.506299194823017551e+00
9.719155922368984957e-01
-1.616768711017586568e-01
1.319160904488311248e-01
1.922848664119813089e-01
9.344049570354475698e-01
-6.963217649482003613e-02
-1.636244747684376666e-01
3.728407895226246160e-02
2.570902041001205673e-01
1.074871570559564171e+00
