1.595033116262506434e-01
-2.254463250880117675e-02
-9.216537976203591220e-02
4.019325787668334010e-02
8.861073484717803261e-02
9.909553541902722112e-03
-6.485239611765400425e-02
2.241415408169778190e-01
7.760391294595805900e-02
-5.612840349896651600e-03
-9.871741492379884630e-02
1.277674300098566862e-01
2.506709562370898134e-02
3.318725231912700996e-02
1.279306959695679924e-01
3.445111009905473809e-01
7.760747857122538007e-02
7.494693001845675884e-02
4.706820831131081073e-02
-2.020806550224482079e-01
9.696217996451893251e-02
4.672935589950770463e-02
5.401904796787571073e-02
3.080764593507022767e-02
-4.612373421649013094e-02
3.869519933670606537e-02
6.930176988881450728e-02
-2.518635405486469026e-01
-4.031132484518544501e-02
-4.691266548128681380e-01
-6.879089478026928495e-03
2.263654029014517399e-01
