-5.306431238138138440e-01
-5.107982357964127584e-02
-1.426070359292045953e-01
1.821256891456702331e-01
3.034877685759773680e-03
-2.551636310833099719e-01
-1.612117068270473019e-01
-1.049758506106804323e-01
6.129108963616480832e-01
-1.966336550491135371e-01
5.936293311652387494e-01
-3.065968125575035397e-01
-5.177811817977359676e-02
-4.876084460273331089e-01
8.926920061824652475e-01
-8.421812531697214776e-03
-5.571680746403198103e-01
-2.963950442779624828e-01
-3.319496830082893646e-01
1.188601447266186550e-01
-7.083149107433589498e-02
-2.568118729392836475e-01
4.057499304702878451e-01
-3.131077745863740658e-01
-5.448592013345557317e-02
-7.263963067140912777e-01
-1.482464962286733356e-01
1.744849498313897351e-01
3.174818042669535489e-01
-2.582135353280289314e-01
-4.955559384044662119e-01
-4.100495240615528725e-01
-6.931621843486754364e-02
2.219815885926491317e-01
3.615330409783520382e-01
1.162594275581554648e-01
-3.552896846514411178e-02
3.646973502950822121e-01
-4.525930043178929552e-01
-8.128376550358004660e-02
-3.255368448230347989e-01
-4.161759503779955960e-01
4.796713254067975218e-01
2.320800165069725196e-02
-4.444162152276026623e-01
-3.128454079127322984e-01
-2.832599114689419162e-01
-4.333062943298576775e-02
7.953193530538511524e-01
2.046572086393014245e-01
-1.208679048731749195e-01
-1.270921347681638891e-02
-2.961018843662056588e-01
-6.071179022067502151e-02
-2.453662448670779761e-01
-1.475803370214698873e-01
2.812157687643075388e-01
-1.353410378021543403e-01
1.078269466135675647e-01
2.331926551493239963e-01
-1.653903915957334880e-01
-5.940576122726387576e-02
-4.412989741775430463e-01
3.037737760632976958e-01
