8.591816567168097940e-02
4.686361918636577917e-02
-1.454727094598304293e-01
-1.780511365770092724e-01
3.803718986535016833e-01
-1.479087774077056938e-01
4.760953634173832327e-01
-2.071555890833085556e-01
-4.778731732832725010e-02
-1.283650413794584777e-01
-1.360796025214374427e-01
5.316117520609836555e-02
-1.699113428628517553e-01
1.627689311927506544e-01
1.779789398200462003e-01
7.222232993743984975e-02
-6.667876979753162292e-02
-5.558371242604862039e-02
8.028031961996272559e-01
-1.094502096882249420e-01
5.687622019637430526e-01
-1.152237995507314483e-01
2.113032614877113913e-02
1.912694892201640962e-01
-2.626120644491290457e-01
1.176980790034188595e-01
6.355812940446878279e-02
3.990162347594892744e-01
1.043337469859625943e-02
-1.610281108812866846e-01
1.079843632630537453e-01
1.592346717669793910e-01
