3.819412792114063038e-01
-4.190621921749863588e-01
-1.604183499359176368e-01
-3.227114133357203984e-01
-8.567119449324739344e-02
-4.030755018342377372e-01
1.963477527001705469e-01
-4.983112229685992545e-01
-2.065914567683518888e-01
-2.204354894770776951e-01
1.125367645050734944e-01
-9.440285971713635593e-02
-1.754641835219050705e-01
-6.199068340856450643e-02
-2.048725499205994449e-02
2.018626786514934324e-01
-2.185489153610951085e-01
-1.546958250376802291e-01
1.453415601032404525e-01
-5.223062626682173359e-02
-6.005281249981264668e-02
7.760357971445269731e-02
-1.682602413517911843e-01
-6.177535936121525406e-03
-1.649480563420852586e-01
-2.159421312098790402e-01
7.058431314853003125e-02
-2.684101909333435620e-01
-3.149559045219745279e-01
-1.850543787335819368e-01
-2.083632938058070372e-01
-4.429497885579450345e-02
1.071834909206529352e-01
-1.598752443322842276e-01
-1.666946905354615149e-01
-2.134211438076239198e-01
1.558716125265424690e-03
-2.833907652992152526e-01
6.047253760118626031e-02
1.999864857570209375e-01
1.076743685471790446e-01
-1.649031934571878744e-01
-3.092077018624432294e-01
-2.426851848120261668e-01
-3.126573385080030909e-02
-1.846605538202272800e-01
-1.442424213391877430e-01
-4.849783766969819609e-01
2.240160553760507656e-01
-4.673105903617308932e-01
2.997126591550982044e-01
-7.454692332193030291e-02
-4.957201591130887541e-01
-1.312809673594573234e-01
-2.662130065648530275e-01
-1.821160568312537587e-01
-1.523942689624609992e-01
-3.581809194282681852e-01
7.027054548866495942e-02
1.343898259703879550e-03
-2.046448736583926786e-01
1.308305057911479108e-01
1.838043410750066498e-01
-2.135692575196326271e-01
