4.080951314939869068e-01
4.632225517319980002e-01
7.779645470114317229e-02
-6.769155828223553106e-01
-6.628007236292285942e-01
1.161201170901802637e+00
-2.755602888583073007e-01
-2.581233506856218662e-01
-4.553187443527338951e-01
-5.865142721512774937e-01
3.772126455719532201e-01
-1.484569160339326288e-01
-2.647018365608468371e-01
6.888087105200205729e-01
3.561027597570426417e-01
-2.871134456260548418e-01
2.621229000780959661e-01
9.572675005629409373e-03
2.270245711248180809e-01
4.342812564867493119e-01
-9.785160871874087896e-01
-1.349116546515983783e+00
3.251586148794836650e-01
4.747154309313620368e-01
-3.995565591175604947e-01
5.286017108460442371e-01
-1.521761455287095277e+00
2.953211946453048742e-01
-1.424424077839436531e-01
1.120548388480135271e+00
3.172997870792380048e-01
9.123027738023178346e-01
