7.690708658324443836e-02
-7.059189938434383416e-02
7.237185068434269508e-02
-2.029201781609604738e-02
1.070005658151476809e-02
3.356448998086944413e-03
1.272748610642601697e-01
1.055880471924992986e-01
-3.247609215542628103e-02
-6.501742155239964571e-02
-8.089673773057393102e-02
1.390780723017208675e-01
-2.774919841188248568e-02
6.475120108390435003e-02
4.794586657999887896e-02
1.840057129014473214e-01
2.492229750590392937e-02
-1.353190732943415631e-02
-8.423603712807498090e-02
7.595057221628045974e-02
8.386403774018610924e-02
7.258991250679368290e-02
1.475280246382326133e-01
-4.135063369785169085e-03
1.290701932120084938e-02
1.138078243204706103e-01
-9.233134348214742243e-03
-1.270910950338300094e-01
9.596420738102003078e-02
-9.091083530144042357e-02
1.165304809750293130e-01
1.160025770948345802e-01
