-7.881948036609227604e-01
9.592019321115749508e-02
-2.199290805233730106e-01
-9.424467253553434065e-02
-7.025967827437093471e-02
-5.764944685223216680e-02
-4.310865047454325305e-01
-4.165408446871903814e-01
7.451915622237628711e-02
1.586523997740521830e-01
-4.159161418722638337e-01
-4.447529689378753037e-01
-4.131001229225692573e-01
-3.064552152377637562e-01
-1.901563684499196216e-01
-4.361283120407671854e-01
-2.843777842972005088e-01
-5.282745275927367423e-01
-1.306092912406520701e-01
-1.620033483182325984e-01
-1.876565725364506831e-01
-3.111273722229390692e-01
-2.159596311380674594e-01
-2.469046070969978801e-01
-7.888801927480659781e-02
2.622718604205572235e-01
-8.264504058376009876e-02
1.122734374931338985e-02
-1.728287834981660775e-01
-1.123457028754236697e-01
-1.494665054421556449e-01
-9.373924731136407118e-04
3.419399988027915782e-02
-9.242847073042476103e-02
-2.499410330087294685e-01
-5.400314845829731203e-01
-1.457648229448990640e-01
-2.319323707353865560e-01
-9.327713827164044180e-02
-1.520594612719303185e-01
-1.725183504509479326e-01
-1.302410448152576394e-01
-2.050300170948313183e-02
-6.261786510245348492e-01
-3.554728554760842041e-01
-8.489817048467240834e-03
-3.727246272073723721e-01
-3.915211442428775945e-01
1.102028202551638136e-01
-3.367463203775764025e-02
-1.120786007165983922e-01
-1.471552591982333291e-01
-3.875452049725046089e-01
-2.580530246204826850e-01
5.536372675243114716e-02
7.882793781987107451e-02
-1.184103067620316252e-01
-2.513046620735113201e-01
2.067163825056134163e-02
-9.219538304273183771e-02
-3.304941414110620923e-02
-3.700788234251500830e-02
2.923035040066215839e-02
-4.085148977494938993e-01
