2.502359905519594904e-02
-2.033172491622127140e-02
-4.652944129360844089e-02
1.319740266755931868e-01
9.977968887200544534e-02
-1.098829077114504421e-01
4.564296524278281530e-02
1.094704034123402392e-01
-5.968152243527935497e-02
-9.811672684087446861e-03
-6.998743291956882606e-02
5.634240198275512063e-02
-4.163227247332944303e-03
3.943650443800078564e-02
4.174064117487578940e-02
3.562440413777498427e-02
-1.354436778652241477e-02
1.322859242612509437e-02
-2.345616378606650218e-02
3.023595181584446887e-02
9.857047614166865313e-02
-9.920811221637759747e-02
4.094973101678532623e-02
1.197277477264794554e-01
1.451856770718514683e-02
-1.200268450380610197e-01
-6.906041435695688124e-02
-3.651561226946689609e-02
7.453675566317326251e-02
-1.205050630171647930e-01
-4.887743640125478961e-02
5.083460767581243767e-02
