-6.133174096380876461e-02
1.847121876434344029e-02
-1.644584254777970572e-02
4.264762062707137813e-02
-1.269977924427526279e-02
-8.237055048450492301e-02
2.577461045346597646e-02
9.292081874653954077e-03
-9.084631855972052916e-03
2.011385505453415767e-01
-5.005473312365077421e-02
2.302905943371124503e-02
1.610577082459426768e-01
6.109248968953957283e-03
-1.274997846817396696e-02
1.975415320065534303e-02
-9.342224580335013739e-02
5.438557226907415193e-02
8.236771334354867080e-02
3.771923835872920822e-02
8.098578285984597488e-03
-2.368799094657295101e-01
2.646791055552591421e-02
2.607900034930787231e-02
-3.879934141105574955e-03
-2.292556853450753718e-01
-5.880827490274652403e-03
7.772078393044926092e-02
-6.828124870491451143e-03
-5.390108316967327784e-02
-1.661057466408573380e-02
-3.815415926878337749e-02
